hour	0
pump	1	2	3	4	5	6	7	8	9	10	11	12	13	14	15	16	
volume	45.0	55.0	28.0	48.0	32.0	37.0	44.0	25.0	52.0	28.0	42.0	38.0	54.0	55.0	39.0	11.0
tank	1	2	3	4	5	6	7	8	9	10	11	12	13	14	15	16	
level	0	0	0	0	0	0	0	0	0	0	0	0	0	0	0	0
--------------------------------------------------------------------------------------------------------------------------------
hour	1
pump	1	2	3	4	5	6	7	8	9	10	11	12	13	14	15	16	
volume	1	1	0	0	0	0	0	0	1	0	1	0	1	1	0	0
tank	1	2	3	4	5	6	7	8	9	10	11	12	13	14	15	16	
level	45.0	54.0	37.0	47.0	45.0	47.0	47.0	34.0	47.0	43.0	46.0	51.0	49.0	43.0	50.0	19.0
--------------------------------------------------------------------------------------------------------------------------------
hour	2
pump	1	2	3	4	5	6	7	8	9	10	11	12	13	14	15	16	
volume	1	1	0	0	1	1	1	0	0	0	1	1	1	0	1	0
tank	1	2	3	4	5	6	7	8	9	10	11	12	13	14	15	16	
level	42.0	55.0	43.0	52.0	49.0	43.0	49.0	43.0	52.0	52.0	48.0	47.0	44.0	52.0	55.0	33.0
--------------------------------------------------------------------------------------------------------------------------------
hour	3
pump	1	2	3	4	5	6	7	8	9	10	11	12	13	14	15	16	
volume	1	1	0	1	1	1	1	1	1	1	1	1	1	1	1	0
tank	1	2	3	4	5	6	7	8	9	10	11	12	13	14	15	16	
level	42.0	59.0	50.0	50.0	43.0	47.0	44.0	41.0	57.0	48.0	43.0	49.0	43.0	45.0	54.0	40.0
--------------------------------------------------------------------------------------------------------------------------------
hour	4
pump	1	2	3	4	5	6	7	8	9	10	11	12	13	14	15	16	
volume	1	1	1	1	0	1	1	0	1	1	1	1	0	1	1	1
tank	1	2	3	4	5	6	7	8	9	10	11	12	13	14	15	16	
level	47.0	63.0	49.0	49.0	49.0	43.0	47.0	50.0	60.0	46.0	44.0	46.0	53.0	47.0	43.0	39.0
--------------------------------------------------------------------------------------------------------------------------------
hour	5
pump	1	2	3	4	5	6	7	8	9	10	11	12	13	14	15	16	
volume	1	1	1	1	1	1	1	1	1	0	1	1	1	1	0	0
tank	1	2	3	4	5	6	7	8	9	10	11	12	13	14	15	16	
level	45.0	61.0	49.0	46.0	48.0	43.0	45.0	49.0	57.0	53.0	46.0	46.0	52.0	48.0	52.0	50.0
--------------------------------------------------------------------------------------------------------------------------------
hour	6
pump	1	2	3	4	5	6	7	8	9	10	11	12	13	14	15	16	
volume	1	1	1	1	1	0	1	1	1	1	1	0	1	1	1	1
tank	1	2	3	4	5	6	7	8	9	10	11	12	13	14	15	16	
level	38.0	50.0	41.0	46.0	45.0	46.0	44.0	45.0	53.0	52.0	40.0	53.0	47.0	44.0	47.0	51.0
--------------------------------------------------------------------------------------------------------------------------------
hour	7
pump	1	2	3	4	5	6	7	8	9	10	11	12	13	14	15	16	
volume	0	1	0	1	1	0	1	1	1	1	0	1	1	1	1	1
tank	1	2	3	4	5	6	7	8	9	10	11	12	13	14	15	16	
level	45.0	50.0	53.0	42.0	44.0	52.0	44.0	45.0	55.0	48.0	52.0	48.0	43.0	40.0	49.0	48.0
--------------------------------------------------------------------------------------------------------------------------------
hour	8
pump	1	2	3	4	5	6	7	8	9	10	11	12	13	14	15	16	
volume	1	1	1	0	1	1	0	0	1	1	1	1	0	1	1	1
tank	1	2	3	4	5	6	7	8	9	10	11	12	13	14	15	16	
level	42.0	44.0	48.0	53.0	42.0	52.0	51.0	50.0	56.0	50.0	43.0	46.0	48.0	45.0	42.0	43.0
--------------------------------------------------------------------------------------------------------------------------------
hour	9
pump	1	2	3	4	5	6	7	8	9	10	11	12	13	14	15	16	
volume	0	0	1	1	0	1	1	1	1	1	0	1	1	0	1	1
tank	1	2	3	4	5	6	7	8	9	10	11	12	13	14	15	16	
level	50.0	50.0	46.0	46.0	52.0	57.0	53.0	51.0	48.0	49.0	53.0	40.0	47.0	52.0	48.0	43.0
--------------------------------------------------------------------------------------------------------------------------------
hour	10
pump	1	2	3	4	5	6	7	8	9	10	11	12	13	14	15	16	
volume	1	1	1	1	1	1	1	1	1	0	1	0	1	1	1	1
tank	1	2	3	4	5	6	7	8	9	10	11	12	13	14	15	16	
level	46.0	50.0	45.0	43.0	49.0	62.0	50.0	49.0	52.0	53.0	55.0	45.0	41.0	49.0	43.0	45.0
--------------------------------------------------------------------------------------------------------------------------------
hour	11
pump	1	2	3	4	5	6	7	8	9	10	11	12	13	14	15	16	
volume	0	1	1	1	1	1	1	1	1	1	1	1	1	1	0	1
tank	1	2	3	4	5	6	7	8	9	10	11	12	13	14	15	16	
level	53.0	49.0	47.0	47.0	50.0	58.0	49.0	48.0	58.0	55.0	56.0	43.0	42.0	42.0	51.0	47.0
--------------------------------------------------------------------------------------------------------------------------------
hour	12
pump	1	2	3	4	5	6	7	8	9	10	11	12	13	14	15	16	
volume	1	1	1	1	1	1	1	1	1	1	1	0	1	0	1	1
tank	1	2	3	4	5	6	7	8	9	10	11	12	13	14	15	16	
level	53.0	46.0	43.0	45.0	50.0	55.0	51.0	49.0	63.0	57.0	55.0	52.0	48.0	52.0	48.0	49.0
--------------------------------------------------------------------------------------------------------------------------------
hour	13
pump	1	2	3	4	5	6	7	8	9	10	11	12	13	14	15	16	
volume	1	1	1	1	1	1	1	1	1	1	1	1	1	1	1	1
tank	1	2	3	4	5	6	7	8	9	10	11	12	13	14	15	16	
level	55.0	44.0	49.0	46.0	49.0	57.0	55.0	45.0	60.0	48.0	56.0	55.0	48.0	45.0	44.0	41.0
--------------------------------------------------------------------------------------------------------------------------------
hour	14
pump	1	2	3	4	5	6	7	8	9	10	11	12	13	14	15	16	
volume	1	1	1	1	1	1	1	1	1	1	1	1	0	1	1	0
tank	1	2	3	4	5	6	7	8	9	10	11	12	13	14	15	16	
level	53.0	49.0	53.0	48.0	43.0	60.0	58.0	45.0	56.0	46.0	56.0	49.0	51.0	48.0	44.0	46.0
--------------------------------------------------------------------------------------------------------------------------------
hour	15
pump	1	2	3	4	5	6	7	8	9	10	11	12	13	14	15	16	
volume	1	1	1	1	1	1	1	1	1	1	1	1	1	1	0	1
tank	1	2	3	4	5	6	7	8	9	10	11	12	13	14	15	16	
level	49.0	55.0	56.0	48.0	43.0	59.0	55.0	48.0	53.0	48.0	57.0	49.0	49.0	48.0	52.0	42.0
--------------------------------------------------------------------------------------------------------------------------------
hour	16
pump	1	2	3	4	5	6	7	8	9	10	11	12	13	14	15	16	
volume	1	1	1	1	1	1	1	1	1	1	1	1	1	1	1	1
tank	1	2	3	4	5	6	7	8	9	10	11	12	13	14	15	16	
level	53.0	49.0	55.0	46.0	38.0	64.0	54.0	47.0	56.0	47.0	52.0	50.0	41.0	43.0	43.0	43.0
--------------------------------------------------------------------------------------------------------------------------------
hour	17
pump	1	2	3	4	5	6	7	8	9	10	11	12	13	14	15	16	
volume	1	1	1	0	0	1	1	1	1	1	1	1	0	0	0	0
tank	1	2	3	4	5	6	7	8	9	10	11	12	13	14	15	16	
level	49.0	45.0	51.0	53.0	49.0	65.0	47.0	48.0	53.0	43.0	51.0	44.0	53.0	53.0	47.0	52.0
--------------------------------------------------------------------------------------------------------------------------------
hour	18
pump	1	2	3	4	5	6	7	8	9	10	11	12	13	14	15	16	
volume	1	1	1	1	1	1	1	1	1	0	1	1	1	1	1	1
tank	1	2	3	4	5	6	7	8	9	10	11	12	13	14	15	16	
level	51.0	43.0	50.0	57.0	49.0	60.0	49.0	42.0	53.0	52.0	48.0	43.0	54.0	50.0	46.0	49.0
--------------------------------------------------------------------------------------------------------------------------------
hour	19
pump	1	2	3	4	5	6	7	8	9	10	11	12	13	14	15	16	
volume	1	0	1	1	1	1	1	0	1	1	1	1	1	1	1	1
tank	1	2	3	4	5	6	7	8	9	10	11	12	13	14	15	16	
level	46.0	51.0	44.0	57.0	49.0	62.0	44.0	49.0	55.0	48.0	48.0	41.0	50.0	51.0	48.0	43.0
--------------------------------------------------------------------------------------------------------------------------------
hour	20
pump	1	2	3	4	5	6	7	8	9	10	11	12	13	14	15	16	
volume	1	1	1	1	1	1	0	1	1	1	1	0	1	1	1	0
tank	1	2	3	4	5	6	7	8	9	10	11	12	13	14	15	16	
level	42.0	53.0	46.0	49.0	47.0	59.0	52.0	46.0	53.0	51.0	46.0	52.0	49.0	50.0	47.0	48.0
--------------------------------------------------------------------------------------------------------------------------------
hour	21
pump	1	2	3	4	5	6	7	8	9	10	11	12	13	14	15	16	
volume	0	1	1	1	1	1	1	1	1	1	1	1	1	1	0	0
tank	1	2	3	4	5	6	7	8	9	10	11	12	13	14	15	16	
level	50.0	49.0	47.0	45.0	43.0	59.0	49.0	43.0	53.0	48.0	45.0	48.0	52.0	54.0	51.0	53.0
--------------------------------------------------------------------------------------------------------------------------------
hour	22
pump	1	2	3	4	5	6	7	8	9	10	11	12	13	14	15	16	
volume	1	0	1	1	0	1	1	1	1	1	0	1	1	1	1	1
tank	1	2	3	4	5	6	7	8	9	10	11	12	13	14	15	16	
level	49.0	51.0	45.0	40.0	52.0	59.0	38.0	46.0	48.0	40.0	53.0	42.0	54.0	50.0	49.0	48.0
--------------------------------------------------------------------------------------------------------------------------------
hour	23
pump	1	2	3	4	5	6	7	8	9	10	11	12	13	14	15	16	
volume	1	1	1	0	1	1	0	1	1	0	1	0	1	1	1	1
tank	1	2	3	4	5	6	7	8	9	10	11	12	13	14	15	16	
level	46.0	48.0	40.0	49.0	53.0	54.0	45.0	47.0	48.0	48.0	54.0	52.0	54.0	49.0	46.0	45.0
--------------------------------------------------------------------------------------------------------------------------------
hour	24
pump	1	2	3	4	5	6	7	8	9	10	11	12	13	14	15	16	
volume	1	1	1	1	1	1	1	1	0	1	1	1	1	1	1	1
tank	1	2	3	4	5	6	7	8	9	10	11	12	13	14	15	16	
level	44.0	47.0	42.0	48.0	56.0	58.0	44.0	51.0	51.0	48.0	54.0	50.0	47.0	48.0	45.0	44.0
--------------------------------------------------------------------------------------------------------------------------------
hour	25
pump	1	2	3	4	5	6	7	8	9	10	11	12	13	14	15	16	
volume	0	1	0	0	1	1	0	1	1	1	1	1	0	1	1	1
tank	1	2	3	4	5	6	7	8	9	10	11	12	13	14	15	16	
level	53.0	45.0	49.0	52.0	52.0	63.0	52.0	50.0	51.0	44.0	49.0	49.0	52.0	43.0	43.0	43.0
--------------------------------------------------------------------------------------------------------------------------------
hour	26
pump	1	2	3	4	5	6	7	8	9	10	11	12	13	14	15	16	
volume	1	1	1	1	1	1	1	1	1	1	1	1	1	0	0	0
tank	1	2	3	4	5	6	7	8	9	10	11	12	13	14	15	16	
level	48.0	44.0	47.0	42.0	56.0	54.0	48.0	55.0	44.0	50.0	42.0	43.0	51.0	53.0	50.0	50.0
--------------------------------------------------------------------------------------------------------------------------------
hour	27
pump	1	2	3	4	5	6	7	8	9	10	11	12	13	14	15	16	
volume	1	0	1	0	1	1	0	1	1	1	0	0	1	1	1	1
tank	1	2	3	4	5	6	7	8	9	10	11	12	13	14	15	16	
level	48.0	48.0	41.0	53.0	62.0	50.0	53.0	55.0	49.0	48.0	47.0	51.0	51.0	48.0	47.0	51.0
--------------------------------------------------------------------------------------------------------------------------------
hour	28
pump	1	2	3	4	5	6	7	8	9	10	11	12	13	14	15	16	
volume	1	1	0	1	1	1	1	1	1	1	1	1	1	1	1	1
tank	1	2	3	4	5	6	7	8	9	10	11	12	13	14	15	16	
level	50.0	51.0	50.0	48.0	58.0	47.0	48.0	50.0	48.0	49.0	40.0	51.0	51.0	47.0	47.0	42.0
--------------------------------------------------------------------------------------------------------------------------------
hour	29
pump	1	2	3	4	5	6	7	8	9	10	11	12	13	14	15	16	
volume	1	1	1	1	1	1	1	1	0	1	0	1	0	1	1	0
tank	1	2	3	4	5	6	7	8	9	10	11	12	13	14	15	16	
level	48.0	48.0	45.0	46.0	51.0	41.0	49.0	47.0	53.0	53.0	49.0	47.0	53.0	48.0	50.0	46.0
--------------------------------------------------------------------------------------------------------------------------------
hour	30
pump	1	2	3	4	5	6	7	8	9	10	11	12	13	14	15	16	
volume	1	0	0	0	1	0	1	1	1	1	1	1	1	1	1	1
tank	1	2	3	4	5	6	7	8	9	10	11	12	13	14	15	16	
level	50.0	53.0	52.0	53.0	47.0	50.0	47.0	48.0	55.0	46.0	45.0	49.0	53.0	44.0	53.0	44.0
--------------------------------------------------------------------------------------------------------------------------------
hour	31
pump	1	2	3	4	5	6	7	8	9	10	11	12	13	14	15	16	
volume	1	1	1	1	1	1	1	1	1	1	1	1	1	0	1	1
tank	1	2	3	4	5	6	7	8	9	10	11	12	13	14	15	16	
level	51.0	47.0	51.0	50.0	43.0	42.0	39.0	53.0	53.0	44.0	46.0	46.0	50.0	51.0	52.0	45.0
--------------------------------------------------------------------------------------------------------------------------------
hour	32
pump	1	2	3	4	5	6	7	8	9	10	11	12	13	14	15	16	
volume	1	1	1	1	0	0	0	1	1	1	1	0	1	1	1	1
tank	1	2	3	4	5	6	7	8	9	10	11	12	13	14	15	16	
level	48.0	41.0	44.0	46.0	53.0	51.0	52.0	48.0	55.0	38.0	56.0	53.0	50.0	49.0	49.0	42.0
--------------------------------------------------------------------------------------------------------------------------------
hour	33
pump	1	2	3	4	5	6	7	8	9	10	11	12	13	14	15	16	
volume	1	0	1	0	1	1	1	1	1	0	1	1	1	1	1	0
tank	1	2	3	4	5	6	7	8	9	10	11	12	13	14	15	16	
level	50.0	52.0	45.0	53.0	55.0	54.0	49.0	48.0	53.0	46.0	61.0	57.0	52.0	45.0	48.0	53.0
--------------------------------------------------------------------------------------------------------------------------------
hour	34
pump	1	2	3	4	5	6	7	8	9	10	11	12	13	14	15	16	
volume	1	1	0	1	1	1	1	1	1	1	1	1	1	1	1	1
tank	1	2	3	4	5	6	7	8	9	10	11	12	13	14	15	16	
level	49.0	51.0	51.0	51.0	63.0	58.0	44.0	45.0	48.0	40.0	53.0	55.0	50.0	42.0	45.0	50.0
--------------------------------------------------------------------------------------------------------------------------------
hour	35
pump	1	2	3	4	5	6	7	8	9	10	11	12	13	14	15	16	
volume	0	1	1	1	1	1	0	1	1	0	1	1	1	0	0	1
tank	1	2	3	4	5	6	7	8	9	10	11	12	13	14	15	16	
level	52.0	52.0	43.0	50.0	63.0	54.0	52.0	41.0	45.0	48.0	47.0	50.0	42.0	53.0	50.0	50.0
--------------------------------------------------------------------------------------------------------------------------------
hour	36
pump	1	2	3	4	5	6	7	8	9	10	11	12	13	14	15	16	
volume	1	1	0	1	1	1	1	0	1	1	0	1	0	1	1	1
tank	1	2	3	4	5	6	7	8	9	10	11	12	13	14	15	16	
level	47.0	48.0	50.0	48.0	59.0	48.0	47.0	52.0	40.0	52.0	53.0	47.0	50.0	52.0	48.0	51.0
--------------------------------------------------------------------------------------------------------------------------------
hour	37
pump	1	2	3	4	5	6	7	8	9	10	11	12	13	14	15	16	
volume	1	1	1	1	1	1	1	1	0	1	1	1	1	1	1	1
tank	1	2	3	4	5	6	7	8	9	10	11	12	13	14	15	16	
level	42.0	47.0	47.0	48.0	57.0	47.0	44.0	53.0	49.0	47.0	53.0	48.0	50.0	54.0	41.0	46.0
--------------------------------------------------------------------------------------------------------------------------------
hour	38
pump	1	2	3	4	5	6	7	8	9	10	11	12	13	14	15	16	
volume	0	1	1	1	1	1	1	1	1	1	1	0	1	1	0	0
tank	1	2	3	4	5	6	7	8	9	10	11	12	13	14	15	16	
level	46.0	44.0	44.0	48.0	54.0	43.0	43.0	49.0	43.0	47.0	52.0	51.0	42.0	59.0	47.0	53.0
--------------------------------------------------------------------------------------------------------------------------------
hour	39
pump	1	2	3	4	5	6	7	8	9	10	11	12	13	14	15	16	
volume	1	1	0	1	1	0	1	1	0	1	1	1	1	1	0	1
tank	1	2	3	4	5	6	7	8	9	10	11	12	13	14	15	16	
level	45.0	44.0	53.0	47.0	50.0	51.0	44.0	43.0	53.0	43.0	53.0	53.0	41.0	53.0	53.0	53.0
--------------------------------------------------------------------------------------------------------------------------------
hour	40
pump	1	2	3	4	5	6	7	8	9	10	11	12	13	14	15	16	
volume	1	1	1	1	1	1	0	0	1	0	1	1	0	1	1	1
tank	1	2	3	4	5	6	7	8	9	10	11	12	13	14	15	16	
level	46.0	46.0	53.0	49.0	41.0	50.0	52.0	52.0	48.0	52.0	47.0	52.0	50.0	51.0	47.0	45.0
--------------------------------------------------------------------------------------------------------------------------------
hour	41
pump	1	2	3	4	5	6	7	8	9	10	11	12	13	14	15	16	
volume	1	1	1	1	0	1	1	1	1	1	1	1	1	0	1	1
tank	1	2	3	4	5	6	7	8	9	10	11	12	13	14	15	16	
level	49.0	44.0	51.0	51.0	52.0	53.0	51.0	57.0	43.0	46.0	43.0	51.0	44.0	51.0	42.0	46.0
--------------------------------------------------------------------------------------------------------------------------------
hour	42
pump	1	2	3	4	5	6	7	8	9	10	11	12	13	14	15	16	
volume	1	1	1	1	1	1	1	1	0	1	0	1	1	1	0	1
tank	1	2	3	4	5	6	7	8	9	10	11	12	13	14	15	16	
level	46.0	46.0	46.0	52.0	44.0	52.0	49.0	50.0	53.0	44.0	53.0	50.0	42.0	55.0	53.0	45.0
--------------------------------------------------------------------------------------------------------------------------------
hour	43
pump	1	2	3	4	5	6	7	8	9	10	11	12	13	14	15	16	
volume	1	1	1	1	1	1	1	1	1	0	1	1	0	1	1	0
tank	1	2	3	4	5	6	7	8	9	10	11	12	13	14	15	16	
level	46.0	45.0	43.0	50.0	42.0	48.0	51.0	51.0	49.0	52.0	50.0	46.0	51.0	49.0	49.0	52.0
--------------------------------------------------------------------------------------------------------------------------------
hour	44
pump	1	2	3	4	5	6	7	8	9	10	11	12	13	14	15	16	
volume	1	1	0	1	1	1	1	1	1	1	1	1	1	1	1	1
tank	1	2	3	4	5	6	7	8	9	10	11	12	13	14	15	16	
level	49.0	42.0	51.0	50.0	46.0	49.0	48.0	48.0	42.0	49.0	47.0	42.0	44.0	48.0	48.0	54.0
--------------------------------------------------------------------------------------------------------------------------------
hour	45
pump	1	2	3	4	5	6	7	8	9	10	11	12	13	14	15	16	
volume	1	0	1	1	1	1	1	1	1	1	1	1	1	1	1	1
tank	1	2	3	4	5	6	7	8	9	10	11	12	13	14	15	16	
level	49.0	51.0	50.0	47.0	44.0	41.0	48.0	43.0	46.0	46.0	53.0	44.0	44.0	50.0	47.0	55.0
--------------------------------------------------------------------------------------------------------------------------------
hour	46
pump	1	2	3	4	5	6	7	8	9	10	11	12	13	14	15	16	
volume	1	1	1	0	1	0	0	1	1	1	1	1	1	1	1	1
tank	1	2	3	4	5	6	7	8	9	10	11	12	13	14	15	16	
level	44.0	49.0	57.0	51.0	44.0	49.0	53.0	50.0	43.0	46.0	54.0	42.0	40.0	46.0	50.0	56.0
--------------------------------------------------------------------------------------------------------------------------------
hour	47
pump	1	2	3	4	5	6	7	8	9	10	11	12	13	14	15	16	
volume	1	1	1	1	0	1	1	1	0	1	1	1	1	1	1	1
tank	1	2	3	4	5	6	7	8	9	10	11	12	13	14	15	16	
level	47.0	49.0	58.0	45.0	52.0	44.0	52.0	45.0	53.0	45.0	51.0	44.0	41.0	42.0	51.0	52.0
--------------------------------------------------------------------------------------------------------------------------------
hour	48
pump	1	2	3	4	5	6	7	8	9	10	11	12	13	14	15	16	
volume	0	1	1	0	1	0	1	1	1	0	1	1	0	1	1	1
tank	1	2	3	4	5	6	7	8	9	10	11	12	13	14	15	16	
level	52.0	52.0	63.0	53.0	49.0	52.0	53.0	45.0	51.0	52.0	44.0	41.0	48.0	42.0	41.0	50.0
--------------------------------------------------------------------------------------------------------------------------------
